102212
187357
244754
302514
389929
493646
575981
622571
659039
710196
762058
778047
747727
704959
687443
694319
703325
719208
785336
940557
1178487
1464469
1779641
1102361
660526
537969
383572
-123803
178692
454985
685360
838362
910364
940715
970886
1006602
1022785
1016535
1025317
1079736
1168147
1253243
1321080
1395528
1502933
1627291
1731429
1801592
1867530
1958145
1960378
1958145
1952496
1943304
1929947
1912354
1891341
1866795
1840549
1811979
1782114
1750940
1718660
1685522
1653561
1621513
1590309
1562296
1535931
1512639
1492755
1475864
1461047
1450766
1444409
1442382
1444409
1450766
1461047
1475864
1492755
1512639
1535931
1562296
1590309
1621513
1653561
1685522
1718660
1750940
1782114
1811979
1840549
1866795
1891341
1912354
1929947
1943304
1952496
1958145
1960378
1958145
1952496
1943304
1929947
1912354
1891341
1866795
1840549
1811979
1782114
1750940
1718660
1685522
1653561
1621513
1590309
1562296
1535931
1512639
1492755
1475864
1461047
1450766
1444409
1442382
1444409
1450766
1461047
1475864
1492755
1512639
1535931
1562296
1590309
1621513
1653561
1685522
1718660
1750940
1782114
1811979
1840549
1866795
1891341
1912354
1929947
1943304
1952496
1958145
1960378
1958145
1952496
1943304
1929947
1912354
1891341
1866795
1840549
1811979
1782114
1750940
1718660
1685522
1653561
1621513
1590309
1562296
1535931
1512639
1492755
1475864
1461047
1450766
1444409
1442382
1444409
1450766
1461047
1475864
1492755
1512639
1535931
1562296
1590309
1621513
1653561
1685522
1718660
1750940
1782114
1811979
1840549
1866795
1891341
1912354
1929947
1943304
1952496
1958145
1960378
1958145
1952496
1943304
1929947
1912354
1891341
1866795
1840549
1811979
1782114
1750940
1718660
1685522
1653561
1621513
1590309
1562296
1535931
1512639
1492755
1475864
1461047
1450766
1444409
1442382
1444409
1450766
1461047
1475864
1492755
1512639
1535931
1562296
1590309
1621513
1653561
1685522
1718660
1750940
1782114
1811979
1840549
1866795
1891341
1912354
1929947
1943304
1952496
1958145
1960378
1958145
1952496
1943304
1929947
1912354
1891341
1866795
1840549
1811979
1782114
1750940
1718660
1685522
1653561
1621513
1590309
1562296
1535931
1512639
1492755
1475864
1461047
1450766
1444409
1442382
1444409
1450766
1461047
1475864
1492755
1512639
1535931
1562296
1590309
1621513
1653561
1685522
1718660
1750940
1782114
1811979
1840549
1866795
1891341
1912354
1929947
1943304
1952496
1958145
1960378
1958145
1952496
1943304
1929947
1912354
1891341
1866795
1840549
1811979
1782114
1750940
1718660
1685522
1653561
1621513
1590309
1562296
1535931
1512639
1492755
1475864
1461047
1450766
1444409
1442382
1444409
1450766
1461047
1475864
1492755
1512639
1535931
1562296
1590309
1621513
1653561
1685522
1718660
1750940
1782114
1811979
1840549
1866795
1891341
1912354
1929947
1943304
1952496
1958145
1960378
1958145
1952496
1943304
1929947
1912354
1891341
1866795
1840549
1811979
1782114
1750940
1718660
1685522
1653561
1621513
1590309
1562296
1535931
1512639
1492755
1475864
1461047
1450766
1444409
1442382
1444409
1450766
1461047
1475864
1492755
1512639
1535931
1562296
1590309
1621513
1653561
1685522
1718660
1750940
1782114
1811979
1840549
1866795
1891341
1912354
1929947
1943304
1952496
1958145
1960378
1958145
1952496
1943304
1929947
1912354
1891341
1866795
1840549
1811979
1782114
1750940
1718660
1685522
1653561
1621513
1590309
1562296
1535931
1512639
1492755
1475864
1461047
1450766
1444409
1442382
1444409
1450766
1461047
1475864
1492755
1512639
1535931
1562296
1590309
1621513
1653561
1685522
1718660
1750940
1782114
1811979
1840549
1866795
1891341
1912354
1929947
1943304
1952496
1958145
1960378
1958145
1952496
1943304
1929947
1912354
1891341
1866795
1840549
1811979
1782114
1750940
1718660
1685522
1653561
1621513
1590309
1562296
1535931
1512639
1492755
1475864
1461047
1450766
1444409
1442382
1444409
1450766
1461047
1475864
1492755
1512639
1535931
1562296
1590309
1621513
1653561
1685522
1718660
1750940
1782114
1811979
1840549
1866795
1891341
1912354
1929947
1943304
1952496
1958145
1960378
1958145
1952496
1943304
1929947
1912354
1891341
1866795
1840549
1811979
1782114
1750940
1718660
1685522
1653561
1621513
1590309
1562296
1535931
1512639
1492755
1475864
1461047
1450766
1444409
1442382
1444409
1450766
1461047
1475864
1492755
1512639
1535931
1562296
1590309
1621513
1653561
1685522
1718660
1750940
1782114
1811979
1840549
1866795
1891341
1912354
1929947
1943304
1952496
1958145
1960378
1958145
1952496
1943304
1929947
1912354
1891341
1866795
1840549
1811979
1782114
1750940
1718660
1685522
1653561
1621513
1590309
1562296
1535931
1512639
1492755
1475864
1461047
1450766
1444409
1442382
1444409
1450766
1461047
1475864
1492755
1512639
1535931
1562296
1590309
1621513
1653561
1685522
1718660
1750940
1782114
1811979
1840549
1866795
1891341
1912354
1929947
1943304
1952496
1958145
1960378
1958145
1952496
1943304
1929947
1912354
1891341
1866795
1840549
1811979
1782114
1750940
1718660
1685522
1653561
1621513
1590309
1562296
1535931
1512639
1492755
1475864
1461047
1450766
1444409
1442382
1444409
1450766
1461047
1475864
1492755
1512639
1535931
1562296
1590309
1621513
1653561
1685522
1718660
1750940
1782114
1811979
1840549
1866795
1891341
1912354
1929947
1943304
1952496
1958145
1960378
1958145
1952496
1943304
1929947
1912354
1891341
1866795
1840549
1811979
1782114
1750940
1718660
1685522
1653561
1621513
1590309
1562296
1535931
1512639
1492755
1475864
1461047
1450766
1444409
1442382
1444409
1450766
1461047
1475864
1492755
1512639
1535931
1562296
1590309
1621513
1653561
1685522
1718660
1750940
1782114
1811979
1840549
1866795
1891341
1912354
1929947
1943304
1952496
1958145
1960378
1958145
1952496
1943304
1929947
1912354
1891341
1866795
1840549
1811979
1782114
1750940
1718660
1685522
1653561
1621513
1590309
1562296
1535931
1512639
1492755
1475864
1461047
1450766
1444409
1442382
1444409
1450766
1461047
1475864
1492755
1512639
1535931
1562296
1590309
1621513
1653561
1685522
1718660
1750940
1782114
1811979
1840549
1866795
1891341
1912354
1929947
1943304
1952496
1958145
1960378
1958145
1952496
1943304
1929947
1912354
1891341
1866795
1840549
1811979
1782114
1750940
1718660
1685522
1653561
1621513
1590309
1562296
1535931
1512639
1492755
1475864
1461047
1450766
1444409
1442382
1444409
1450766
1461047
1475864
1492755
1512639
1535931
1562296
1590309
1621513
1653561
1685522
1718660
1750940
1782114
1811979
1840549
1866795
1891341
1912354
1929947
1943304
1952496
1958145
1960378
1958145
1952496
1943304
1929947
1912354
1891341
1866795
1840549
1811979
1782114
1750940
1718660
1685522
1653561
1621513
1590309
1562296
1535931
1512639
1492755
1475864
1461047
1450766
1444409
1442382
1444409
1450766
1461047
1475864
1492755
1512639
1535931
1562296
1590309
1621513
1653561
1685522
1718660
1750940
1782114
1811979
1840549
1866795
1891341
1912354
1929947
1943304
1952496
1958145
1960378
1958145
1952496
1943304
1929947
1912354
1891341
1866795
1840549
1811979
1782114
1750940
1718660
1685522
1653561
1621513
1590309
1562296
1535931
1512639
1492755
1475864
1461047
1450766
1444409
1442382
1444409
1450766
1461047
1475864
1492755
1512639
1535931
1562296
1590309
1621513
1653561
1685522
1718660
1750940
1782114
1811979
1840549
1866795
1891341
1912354
1929947
1943304
1952496
1958145
1960378
1958145
1952496
1943304
1929947
1912354
1891341
1866795
1840549
1811979
1782114
1750940
1718660
1685522
1653561
1621513
1590309
1562296
1535931
1512639
1492755
1475864
1461047
1450766
1444409
1442382
1444409
1450766
1461047
1475864
1492755
1512639
1535931
1562296
1590309
1621513
1653561
1685522
1718660
1750940
1782114
1811979
1840549
1866795
1891341
1912354
1929947
1943304
1952496
1958145
1960378
1958145
1952496
1943304
1929947
1912354
1891341
1866795
1840549
1811979
1782114
1750940
1718660
1685522
1653561
1621513
1590309
1562296
1535931
1512639
1492755
1475864
1461047
1450766
1444409
1442382
1444409
1450766
1461047
1475864
1492755
1512639
1535931
1562296
1590309
1621513
1653561
1685522
1718660
1750940
1782114
1811979
1840549
1866795
1891341
1912354
1929947
1943304
1952496
1958145
1858166
1770788
1707742
1640790
1540018
1418708
1315360
1244224
1181510
1101783
1020056
972893
970933
980563
966118
927194
886984
843088
750595
572082
314268
11395
-318594
348405
783883
904413
1060837
1574569
1282355
1020879
807395
674277
625567
621581
619423
614911
630776
668987
693343
671204
613967
558736
519469
471267
388408
285063
198518
141712
84966
0
