512
333
40
30
303
463
265
-44
-70
188
335
127
-192
-224
31
176
-30
-345
-371
-108
48
-146
-446
-456
-175
0
-175
-456
-446
-146
48
-108
-371
-345
-30
176
31
-224
-192
127
335
188
-70
-44
265
463
303
30
40
333
512
333
40
30
303
463
265
-44
-70
188
335
127
-192
-224
31
176
-30
-345
-371
-108
48
-146
-446
-456
-175
0
-175
-456
-446
-146
48
-108
-371
-345
-30
176
31
-224
-192
127
335
188
-70
-44
265
463
303
30
40
333
512
333
40
30
303
463
265
-44
-70
188
335
127
-192
-224
31
176
-30
-345
-371
-108
48
-146
-446
-456
-175
0
-175
-456
-446
-146
48
-108
-371
-345
-30
176
31
-224
-192
127
335
188
-70
-44
265
463
303
30
40
333
512
333
40
30
303
463
265
-44
-70
188
335
127
-192
-224
31
176
-30
-345
-371
-108
48
-146
-446
-456
-175
0
-175
-456
-446
-146
48
-108
-371
-345
-30
176
31
-224
-192
127
335
188
-70
-44
265
463
303
30
40
333
512
333
40
30
303
463
265
-44
-70
188
335
127
-192
-224
31
176
-30
-345
-371
-108
48
-146
-446
-456
-175
0
-175
-456
-446
-146
48
-108
-371
-345
-30
176
31
-224
-192
127
335
188
-70
-44
265
463
303
30
40
333
512
333
40
30
303
463
265
-44
-70
188
335
127
-192
-224
31
176
-30
-345
-371
-108
48
-146
-446
-456
-175
0
-175
-456
-446
-146
48
-108
-371
-345
-30
176
31
-224
-192
127
335
188
-70
-44
265
463
303
30
40
333
512
333
40
30
303
463
265
-44
-70
188
335
127
-192
-224
31
176
-30
-345
-371
-108
48
-146
-446
-456
-175
0
-175
-456
-446
-146
48
-108
-371
-345
-30
176
31
-224
-192
127
335
188
-70
-44
265
463
303
30
40
333
512
333
40
30
303
463
265
-44
-70
188
335
127
-192
-224
31
176
-30
-345
-371
-108
48
-146
-446
-456
-175
0
-175
-456
-446
-146
48
-108
-371
-345
-30
176
31
-224
-192
127
335
188
-70
-44
265
463
303
30
40
333
512
333
40
30
303
463
265
-44
-70
188
335
127
-192
-224
31
176
-30
-345
-371
-108
48
-146
-446
-456
-175
0
-175
-456
-446
-146
48
-108
-371
-345
-30
176
31
-224
-192
127
335
188
-70
-44
265
463
303
30
40
333
512
333
40
30
303
463
265
-44
-70
188
335
127
-192
-224
31
176
-30
-345
-371
-108
48
-146
-446
-456
-175
0
-175
-456
-446
-146
48
-108
-371
-345
-30
176
31
-224
-192
127
335
188
-70
-44
265
463
303
30
40
333
512
333
40
30
303
463
265
-44
-70
188
335
127
-192
-224
31
176
-30
-345
-371
-108
48
-146
-446
-456
-175
0
-175
-456
-446
-146
48
-108
-371
-345
-30
176
31
-224
-192
127
335
188
-70
-44
265
463
303
30
40
333
512
333
40
30
303
463
265
-44
-70
188
335
127
-192
-224
31
176
-30
-345
-371
-108
48
-146
-446
-456
-175
0
-175
-456
-446
-146
48
-108
-371
-345
-30
176
31
-224
-192
127
335
188
-70
-44
265
463
303
30
40
333
512
333
40
30
303
463
265
-44
-70
188
335
127
-192
-224
31
176
-30
-345
-371
-108
48
-146
-446
-456
-175
0
-175
-456
-446
-146
48
-108
-371
-345
-30
176
31
-224
-192
127
335
188
-70
-44
265
463
303
30
40
333
512
333
40
30
303
463
265
-44
-70
188
335
127
-192
-224
31
176
-30
-345
-371
-108
48
-146
-446
-456
-175
0
-175
-456
-446
-146
48
-108
-371
-345
-30
176
31
-224
-192
127
335
188
-70
-44
265
463
303
30
40
333
512
333
40
30
303
463
265
-44
-70
188
335
127
-192
-224
31
176
-30
-345
-371
-108
48
-146
-446
-456
-175
0
-175
-456
-446
-146
48
-108
-371
-345
-30
176
31
-224
-192
127
335
188
-70
-44
265
463
303
30
40
333
512
333
40
30
303
463
265
-44
-70
188
335
127
-192
-224
31
176
-30
-345
-371
-108
48
-146
-446
-456
-175
0
-175
-456
-446
-146
48
-108
-371
-345
-30
176
31
-224
-192
127
335
188
-70
-44
265
463
303
30
40
333
512
333
40
30
303
463
265
-44
-70
188
335
127
-192
-224
31
176
-30
-345
-371
-108
48
-146
-446
-456
-175
0
-175
-456
-446
-146
48
-108
-371
-345
-30
176
31
-224
-192
127
335
188
-70
-44
265
463
303
30
40
333
512
333
40
30
303
463
265
-44
-70
188
335
127
-192
-224
31
176
-30
-345
-371
-108
48
-146
-446
-456
-175
0
-175
-456
-446
-146
48
-108
-371
-345
-30
176
31
-224
-192
127
335
188
-70
-44
265
463
303
30
40
333
512
333
40
30
303
463
265
-44
-70
188
335
127
-192
-224
31
176
-30
-345
-371
-108
48
-146
-446
-456
-175
0
-175
-456
-446
-146
48
-108
-371
-345
-30
176
31
-224
-192
127
335
188
-70
-44
265
463
303
30
40
333
512
333
40
30
303
463
265
-44
-70
188
335
127
-192
-224
31
176
-30
-345
-371
-108
48
-146
-446
-456
-175
0
-175
-456
-446
-146
48
-108
-371
-345
-30
176
31
-224
-192
127
335
188
-70
-44
265
463
303
30
40
333
